317
760 434
610 562
623 483
989 408
92 863
226 844
668 599
621 240
225 837
900 769
509 753
862 485
653 477
425 907
414 202
262 649
344 677
365 492
624 508
489 561
995 685
65 554
528 526
950 511
686 937
567 569
809 835
186 555
83 724
163 372
959 828
321 421
245 698
519 332
606 92
506 382
749 520
958 532
22 789
950 931
488 895
617 522
945 410
625 921
580 540
712 603
468 213
443 715
875 312
667 456
153 513
605 834
634 597
199 633
794 789
638 442
542 231
485 578
159 595
512 662
588 487
520 282
621 249
857 474
857 474
68 778
637 469
641 548
893 971
523 685
620 493
276 844
425 570
184 503
671 547
74 865
610 573
412 300
863 445
404 437
451 837
22 788
646 717
874 476
281 832
739 297
494 579
691 217
316 378
696 269
706 360
788 393
617 241
407 241
638 442
274 548
227 506
447 580
335 785
643 528
668 492
556 769
987 850
617 537
882 729
340 470
679 746
469 176
307 442
180 868
645 527
647 523
475 428
120 744
453 697
464 417
707 462
582 559
529 566
222 694
478 752
705 351
860 389
899 490
501 96
631 722
90 714
358 730
613 768
415 812
522 835
142 636
578 645
730 493
750 510
601 0
364 248
382 789
204 363
535 664
618 530
769 720
320 878
239 543
890 497
511 618
231 903
993 482
175 749
755 186
535 290
433 820
550 631
548 675
855 953
584 543
557 241
541 249
569 121
771 638
948 537
229 508
640 534
177 670
566 397
515 79
498 102
658 502
145 489
604 515
467 163
666 232
771 452
618 506
197 921
810 851
374 168
760 283
739 350
457 797
225 837
131 863
517 32
731 966
180 541
485 645
860 794
987 901
288 337
321 588
424 869
394 754
480 654
847 504
355 853
134 693
573 649
819 412
861 974
654 861
558 125
204 738
238 311
587 573
582 684
918 492
833 864
295 481
622 547
251 888
310 701
485 571
358 749
130 799
626 520
520 494
544 819
163 469
416 745
457 797
136 667
625 368
410 144
615 389
742 446
904 507
573 258
139 648
316 378
648 908
410 422
988 510
175 956
514 580
494 155
608 833
732 193
558 673
812 745
152 689
440 978
232 669
614 555
473 269
493 159
828 599
439 200
240 839
310 638
955 730
461 589
626 524
52 766
809 242
84 713
424 692
142 663
950 403
625 921
719 373
363 754
878 369
322 467
403 696
316 377
317 694
485 808
972 508
284 698
564 246
472 978
295 481
623 521
334 739
947 510
583 675
618 282
434 686
590 531
502 582
367 900
591 536
646 477
322 638
249 830
810 994
896 697
495 363
629 295
327 528
618 573
0 785
684 108
666 404
192 768
606 491
814 593
651 154
576 706
389 960
616 132
194 714
406 157
308 744
620 514
819 323
199 633
485 695
563 834
367 308
838 355
158 890
557 104
877 757
638 442
525 634
605 480
